function [ pointsPlaneA, pointsPlaneB, pointsPlaneC, projectionCenter, ...
    rotationMatrix, principlePoint, cameraConstant, skewness, scale, ...
    imagePoints, covPointA, covPointB, covPointC ] = ImportParameters()
% pointsPlaneA, pointsPlaneB, pointsPlaneC: Sample points for the planes
% rotationMatrix, principlePoint, cameraConstant, skewness, scale:
% Parameters for the projection matrix
% imagePoints: Points in image space
% covPointA, covPointB, covPointC: Covaraince matrices corresponding to the
% image points

% Plane sample points: Each column contains one 3D point
pointsPlaneA = [3.78271070990841 12.7207044099854 6.56288531343191 3.45700107087094 ...
                6.62161020507287 13.6084892848555 10.8597217655965 5.37039200450964 ...
                6.34144871092063 14.8139162858981 10.9180329109691 14.1127045282807 ...
                10.4051476638655 10.0944406944004 8.95483934777989 19.6893164518512 ...
                10.5963528087944 12.5854550530654 6.61547856432967 11.1934155876991;
                -1.88200109768531 -7.24136387574259 -0.446326170552522 -2.09655498095373 ...
                -3.22792450975271 -2.96692496395671 -3.06461286620630 -2.36185116612782 ...
                -2.91787102525309 -8.82370134018188 -2.49832249554999 -4.54766198221133 ...
                -1.88515281624019 -3.86515827990003 -0.846141604613661 -9.27029811618487 ...
                -4.32295898213702 -6.91427346035591 -3.12123476918918 -8.49917472957050;
                -0.0100926844826813 -0.0273738941072702 -0.0151974080570131 -0.0282129518885905 ...
                -0.0129107796076943 -0.0215940917473114 -0.0270606223544379 -0.0202649907973411 ...
                -0.0147983230710732 -0.0147990505132981 -0.0280543221983056 -0.0197850527680004 ...
                -0.0173849356224043 -0.0177947767392251 -0.0119290905033678 -0.0291226908045960 ...
                -0.0146955982674481 -0.0103080687530311 -0.0229823094991290 -0.0190184741286189];

pointsPlaneB = [-0.0209401778457269 -0.0137791003006509 -0.0173696919298067 -0.0116225153773157 ...
                -0.0197358326480635 -0.0161269894403311 -0.0263525541664452 -0.0175721876532054 ...
                -0.0170145420715377 -0.0210031268579684 -0.0141548458546606 -0.0146097632042312 ...
                -0.0145184356194480 -0.0187139736820780 -0.0186041478265917 -0.0295949675671217 ...
                -0.0151612939182413 -0.0152442349556169 -0.0144349346803448 -0.0163755660385176;
                10.5804468595626 1.75231078499695 11.5558195536253 14.0568885032729 ...
                9.62768795163754 17.7488860709719 11.1274220782497 14.2073983874083 ...
                11.4139424302375 7.97625364645783 8.93363733017613 16.9050912273182 ...
                8.19411194733668 9.15889660467412 5.87701043970535 7.88157476942764 ...
                17.4915784640765 13.3016364291982 15.6440218819886 5.63674514593630;
                -8.75502569320642 -0.438601868771769 -2.02279985981503 -3.46810726200630 ...
                -2.58761099373943 -7.25098558167454 -0.520665874220324 -8.15193046623220 ...
                -7.26726808624408 -0.424301308929818 -4.95984795031893 -8.52095523020077 ...
                -0.721917054084053 -6.51187252221210 -2.45609532826639 -4.70424685437909 ...
                -9.90287722646776 -8.36773702061086 -5.51051753243939 -4.63673281309265];

pointsPlaneC = [-3.68811785368771 -8.43445358877576 -5.80215935321332 -1.52788391787583 ...
                -3.46564381484051 -9.05116338940500 -5.62990513640691 -5.57184135305506 ...
                -3.46099420583471 -4.17091704922977 -1.10310271187416 -1.61840847462800 ...
                -8.06186594577453 -4.16131528500648 -6.21554197895824 -0.682090490676622 ...
                -8.40428670655817 -7.38508579480993 -7.73002834060206 -9.24249860190174;
                -0.0152496446939667 -0.0285770827895609 -0.0215705012204688 -0.0292617707857383 ...
                -0.0146318877341705 -0.0235827108173150 -0.0297596400632327 -0.0282657365527848 ...
                -0.0152374236774143 -0.0127310627471074 -0.0230751469733712 -0.0243007415680139 ...
                -0.0166832610547499 -0.0106108189260927 -0.0195984428229212 -0.0223533277917691 ...
                -0.0215344303122937 -0.0277302386615220 -0.0133585429136451 -0.0200094324830969;
                -9.05061624246130 -0.318678799650953 -0.857390419704760 -0.681003636799274 ...
                -8.30791107676279 -1.78333202104045 -6.19517020639471 -3.56279357635906 ...
                -8.39058978485295 -7.78630515506027 -0.426969226678342 -7.48525262149582 ...
                -7.51313633688639 -4.52764540229595 -4.34987803750914 -8.72812676137562 ...
                -2.07081304254923 -3.46978249828146 -0.896199997976127 -5.59263906973638];

% Parameters of the projection matrix
projectionCenter = [1; 1; 1];
rotationMatrix = eye(3);
principlePoint = [15.0; 20.0];
cameraConstant = 10.0;
skewness = 0.0;
scale = 1.0;

% Image points & covariance matrices
imagePointA = [4.8; 9.9];
imagePointB = [5; 10.5];
imagePointC = [5.1; 10];
imagePoints = [imagePointA imagePointB imagePointC];

covPointA = [0.0081 0.0017; 0.0017 0.0021];
covPointB = [0.0500 0.0500; 0.0500 0.100];
covPointC = [0.1016 0.0512; 0.0512 0.0500];
end